S            1001     101   1      0.0    85.0 500000.0 6700000.0
S            1001     102   1      0.0    85.0 500050.0 6700000.0
S            1001     103   1      0.0    85.0 500100.0 6700000.0
S            1001     104   1      0.0    85.0 500150.0 6700000.0
S            1001     105   1      0.0    85.0 500200.0 6700000.0
S            1001     106   1      0.0    85.0 500250.0 6700000.0
S            1001     107   1      0.0    85.0 500300.0 6700000.0
S            1001     108   1      0.0    85.0 500350.0 6700000.0
S            1001     109   1      0.0    85.0 500400.0 6700000.0
S            1001     110   1      0.0    85.0 500450.0 6700000.0
S            1001     111   1      0.0    85.0 500500.0 6700000.0
S            1001     112   1      0.0    85.0 500550.0 6700000.0
S            1001     113   1      0.0    85.0 500600.0 6700000.0
S            1001     114   1      0.0    85.0 500650.0 6700000.0
S            1001     115   1      0.0    85.0 500700.0 6700000.0
S            1001     116   1      0.0    85.0 500750.0 6700000.0
S            1001     117   1      0.0    85.0 500800.0 6700000.0
S            1001     118   1      0.0    85.0 500850.0 6700000.0
S            1001     119   1      0.0    85.0 500900.0 6700000.0
S            1001     120   1      0.0    85.0 500950.0 6700000.0
S            1001     121   1      0.0    85.0 501000.0 6700000.0
S            1001     122   1      0.0    85.0 501050.0 6700000.0
S            1001     123   1      0.0    85.0 501100.0 6700000.0
S            1001     124   1      0.0    85.0 501150.0 6700000.0
S            1001     125   1      0.0    85.0 501200.0 6700000.0
S            1001     126   1      0.0    85.0 501250.0 6700000.0
S            1001     127   1      0.0    85.0 501300.0 6700000.0
S            1001     128   1      0.0    85.0 501350.0 6700000.0
S            1001     129   1      0.0    85.0 501400.0 6700000.0
S            1001     130   1      0.0    85.0 501450.0 6700000.0
S            1001     131   1      0.0    85.0 501500.0 6700000.0
S            1001     132   1      0.0    85.0 501550.0 6700000.0
S            1001     133   1      0.0    85.0 501600.0 6700000.0
S            1001     134   1      0.0    85.0 501650.0 6700000.0
S            1001     135   1      0.0    85.0 501700.0 6700000.0
S            1001     136   1      0.0    85.0 501750.0 6700000.0
S            1001     137   1      0.0    85.0 501800.0 6700000.0
S            1001     138   1      0.0    85.0 501850.0 6700000.0
S            1001     139   1      0.0    85.0 501900.0 6700000.0
S            1001     140   1      0.0    85.0 501950.0 6700000.0
S            1001     141   1      0.0    85.0 502000.0 6700000.0
S            1001     142   1      0.0    85.0 502050.0 6700000.0
S            1001     143   1      0.0    85.0 502100.0 6700000.0
S            1001     144   1      0.0    85.0 502150.0 6700000.0
S            1001     145   1      0.0    85.0 502200.0 6700000.0
S            1002     101   1      0.0    85.0 500012.5 6700250.0
S            1002     102   1      0.0    85.0 500062.5 6700250.0
S            1002     103   1      0.0    85.0 500112.5 6700250.0
S            1002     104   1      0.0    85.0 500162.5 6700250.0
S            1002     105   1      0.0    85.0 500212.5 6700250.0
S            1002     106   1      0.0    85.0 500262.5 6700250.0
S            1002     107   1      0.0    85.0 500312.5 6700250.0
S            1002     108   1      0.0    85.0 500362.5 6700250.0
S            1002     109   1      0.0    85.0 500412.5 6700250.0
S            1002     110   1      0.0    85.0 500462.5 6700250.0
S            1002     111   1      0.0    85.0 500512.5 6700250.0
S            1002     112   1      0.0    85.0 500562.5 6700250.0
S            1002     113   1      0.0    85.0 500612.5 6700250.0
S            1002     114   1      0.0    85.0 500662.5 6700250.0
S            1002     115   1      0.0    85.0 500712.5 6700250.0
S            1002     116   1      0.0    85.0 500762.5 6700250.0
S            1002     117   1      0.0    85.0 500812.5 6700250.0
S            1002     118   1      0.0    85.0 500862.5 6700250.0
S            1002     119   1      0.0    85.0 500912.5 6700250.0
S            1002     120   1      0.0    85.0 500962.5 6700250.0
S            1002     121   1      0.0    85.0 501012.5 6700250.0
S            1002     122   1      0.0    85.0 501062.5 6700250.0
S            1002     123   1      0.0    85.0 501112.5 6700250.0
S            1002     124   1      0.0    85.0 501162.5 6700250.0
S            1002     125   1      0.0    85.0 501212.5 6700250.0
S            1002     126   1      0.0    85.0 501262.5 6700250.0
S            1002     127   1      0.0    85.0 501312.5 6700250.0
S            1002     128   1      0.0    85.0 501362.5 6700250.0
S            1002     129   1      0.0    85.0 501412.5 6700250.0
S            1002     130   1      0.0    85.0 501462.5 6700250.0
S            1002     131   1      0.0    85.0 501512.5 6700250.0
S            1002     132   1      0.0    85.0 501562.5 6700250.0
S            1002     133   1      0.0    85.0 501612.5 6700250.0
S            1002     134   1      0.0    85.0 501662.5 6700250.0
S            1002     135   1      0.0    85.0 501712.5 6700250.0
S            1002     136   1      0.0    85.0 501762.5 6700250.0
S            1002     137   1      0.0    85.0 501812.5 6700250.0
S            1002     138   1      0.0    85.0 501862.5 6700250.0
S            1002     139   1      0.0    85.0 501912.5 6700250.0
S            1002     140   1      0.0    85.0 501962.5 6700250.0
S            1002     141   1      0.0    85.0 502012.5 6700250.0
S            1002     142   1      0.0    85.0 502062.5 6700250.0
S            1002     143   1      0.0    85.0 502112.5 6700250.0
S            1002     144   1      0.0    85.0 502162.5 6700250.0
S            1002     145   1      0.0    85.0 502212.5 6700250.0
S            1003     101   1      0.0    85.0 500025.0 6700500.0
S            1003     102   1      0.0    85.0 500075.0 6700500.0
S            1003     103   1      0.0    85.0 500125.0 6700500.0
S            1003     104   1      0.0    85.0 500175.0 6700500.0
S            1003     105   1      0.0    85.0 500225.0 6700500.0
S            1003     106   1      0.0    85.0 500275.0 6700500.0
S            1003     107   1      0.0    85.0 500325.0 6700500.0
S            1003     108   1      0.0    85.0 500375.0 6700500.0
S            1003     109   1      0.0    85.0 500425.0 6700500.0
S            1003     110   1      0.0    85.0 500475.0 6700500.0
S            1003     111   1      0.0    85.0 500525.0 6700500.0
S            1003     112   1      0.0    85.0 500575.0 6700500.0
S            1003     113   1      0.0    85.0 500625.0 6700500.0
S            1003     114   1      0.0    85.0 500675.0 6700500.0
S            1003     115   1      0.0    85.0 500725.0 6700500.0
S            1003     116   1      0.0    85.0 500775.0 6700500.0
S            1003     117   1      0.0    85.0 500825.0 6700500.0
S            1003     118   1      0.0    85.0 500875.0 6700500.0
S            1003     119   1      0.0    85.0 500925.0 6700500.0
S            1003     120   1      0.0    85.0 500975.0 6700500.0
S            1003     121   1      0.0    85.0 501025.0 6700500.0
S            1003     122   1      0.0    85.0 501075.0 6700500.0
S            1003     123   1      0.0    85.0 501125.0 6700500.0
S            1003     124   1      0.0    85.0 501175.0 6700500.0
S            1003     125   1      0.0    85.0 501225.0 6700500.0
S            1003     126   1      0.0    85.0 501275.0 6700500.0
S            1003     127   1      0.0    85.0 501325.0 6700500.0
S            1003     128   1      0.0    85.0 501375.0 6700500.0
S            1003     129   1      0.0    85.0 501425.0 6700500.0
S            1003     130   1      0.0    85.0 501475.0 6700500.0
S            1003     131   1      0.0    85.0 501525.0 6700500.0
S            1003     132   1      0.0    85.0 501575.0 6700500.0
S            1003     133   1      0.0    85.0 501625.0 6700500.0
S            1003     134   1      0.0    85.0 501675.0 6700500.0
S            1003     135   1      0.0    85.0 501725.0 6700500.0
S            1003     136   1      0.0    85.0 501775.0 6700500.0
S            1003     137   1      0.0    85.0 501825.0 6700500.0
S            1003     138   1      0.0    85.0 501875.0 6700500.0
S            1003     139   1      0.0    85.0 501925.0 6700500.0
S            1003     140   1      0.0    85.0 501975.0 6700500.0
S            1003     141   1      0.0    85.0 502025.0 6700500.0
S            1003     142   1      0.0    85.0 502075.0 6700500.0
S            1003     143   1      0.0    85.0 502125.0 6700500.0
S            1003     144   1      0.0    85.0 502175.0 6700500.0
S            1003     145   1      0.0    85.0 502225.0 6700500.0
S            1004     101   1      0.0    85.0 500037.5 6700750.0
S            1004     102   1      0.0    85.0 500087.5 6700750.0
S            1004     103   1      0.0    85.0 500137.5 6700750.0
S            1004     104   1      0.0    85.0 500187.5 6700750.0
S            1004     105   1      0.0    85.0 500237.5 6700750.0
S            1004     106   1      0.0    85.0 500287.5 6700750.0
S            1004     107   1      0.0    85.0 500337.5 6700750.0
S            1004     108   1      0.0    85.0 500387.5 6700750.0
S            1004     109   1      0.0    85.0 500437.5 6700750.0
S            1004     110   1      0.0    85.0 500487.5 6700750.0
S            1004     111   1      0.0    85.0 500537.5 6700750.0
S            1004     112   1      0.0    85.0 500587.5 6700750.0
S            1004     113   1      0.0    85.0 500637.5 6700750.0
S            1004     114   1      0.0    85.0 500687.5 6700750.0
S            1004     115   1      0.0    85.0 500737.5 6700750.0
S            1004     116   1      0.0    85.0 500787.5 6700750.0
S            1004     117   1      0.0    85.0 500837.5 6700750.0
S            1004     118   1      0.0    85.0 500887.5 6700750.0
S            1004     119   1      0.0    85.0 500937.5 6700750.0
S            1004     120   1      0.0    85.0 500987.5 6700750.0
S            1004     121   1      0.0    85.0 501037.5 6700750.0
S            1004     122   1      0.0    85.0 501087.5 6700750.0
S            1004     123   1      0.0    85.0 501137.5 6700750.0
S            1004     124   1      0.0    85.0 501187.5 6700750.0
S            1004     125   1      0.0    85.0 501237.5 6700750.0
S            1004     126   1      0.0    85.0 501287.5 6700750.0
S            1004     127   1      0.0    85.0 501337.5 6700750.0
S            1004     128   1      0.0    85.0 501387.5 6700750.0
S            1004     129   1      0.0    85.0 501437.5 6700750.0
S            1004     130   1      0.0    85.0 501487.5 6700750.0
S            1004     131   1      0.0    85.0 501537.5 6700750.0
S            1004     132   1      0.0    85.0 501587.5 6700750.0
S            1004     133   1      0.0    85.0 501637.5 6700750.0
S            1004     134   1      0.0    85.0 501687.5 6700750.0
S            1004     135   1      0.0    85.0 501737.5 6700750.0
S            1004     136   1      0.0    85.0 501787.5 6700750.0
S            1004     137   1      0.0    85.0 501837.5 6700750.0
S            1004     138   1      0.0    85.0 501887.5 6700750.0
S            1004     139   1      0.0    85.0 501937.5 6700750.0
S            1004     140   1      0.0    85.0 501987.5 6700750.0
S            1004     141   1      0.0    85.0 502037.5 6700750.0
S            1004     142   1      0.0    85.0 502087.5 6700750.0
S            1004     143   1      0.0    85.0 502137.5 6700750.0
S            1004     144   1      0.0    85.0 502187.5 6700750.0
S            1004     145   1      0.0    85.0 502237.5 6700750.0
S            1005     101   1      0.0    85.0 500050.0 6701000.0
S            1005     102   1      0.0    85.0 500100.0 6701000.0
S            1005     103   1      0.0    85.0 500150.0 6701000.0
S            1005     104   1      0.0    85.0 500200.0 6701000.0
S            1005     105   1      0.0    85.0 500250.0 6701000.0
S            1005     106   1      0.0    85.0 500300.0 6701000.0
S            1005     107   1      0.0    85.0 500350.0 6701000.0
S            1005     108   1      0.0    85.0 500400.0 6701000.0
S            1005     109   1      0.0    85.0 500450.0 6701000.0
S            1005     110   1      0.0    85.0 500500.0 6701000.0
S            1005     111   1      0.0    85.0 500550.0 6701000.0
S            1005     112   1      0.0    85.0 500600.0 6701000.0
S            1005     113   1      0.0    85.0 500650.0 6701000.0
S            1005     114   1      0.0    85.0 500700.0 6701000.0
S            1005     115   1      0.0    85.0 500750.0 6701000.0
S            1005     116   1      0.0    85.0 500800.0 6701000.0
S            1005     117   1      0.0    85.0 500850.0 6701000.0
S            1005     118   1      0.0    85.0 500900.0 6701000.0
S            1005     119   1      0.0    85.0 500950.0 6701000.0
S            1005     120   1      0.0    85.0 501000.0 6701000.0
S            1005     121   1      0.0    85.0 501050.0 6701000.0
S            1005     122   1      0.0    85.0 501100.0 6701000.0
S            1005     123   1      0.0    85.0 501150.0 6701000.0
S            1005     124   1      0.0    85.0 501200.0 6701000.0
S            1005     125   1      0.0    85.0 501250.0 6701000.0
S            1005     126   1      0.0    85.0 501300.0 6701000.0
S            1005     127   1      0.0    85.0 501350.0 6701000.0
S            1005     128   1      0.0    85.0 501400.0 6701000.0
S            1005     129   1      0.0    85.0 501450.0 6701000.0
S            1005     130   1      0.0    85.0 501500.0 6701000.0
S            1005     131   1      0.0    85.0 501550.0 6701000.0
S            1005     132   1      0.0    85.0 501600.0 6701000.0
S            1005     133   1      0.0    85.0 501650.0 6701000.0
S            1005     134   1      0.0    85.0 501700.0 6701000.0
S            1005     135   1      0.0    85.0 501750.0 6701000.0
S            1005     136   1      0.0    85.0 501800.0 6701000.0
S            1005     137   1      0.0    85.0 501850.0 6701000.0
S            1005     138   1      0.0    85.0 501900.0 6701000.0
S            1005     139   1      0.0    85.0 501950.0 6701000.0
S            1005     140   1      0.0    85.0 502000.0 6701000.0
S            1005     141   1      0.0    85.0 502050.0 6701000.0
S            1005     142   1      0.0    85.0 502100.0 6701000.0
S            1005     143   1      0.0    85.0 502150.0 6701000.0
S            1005     144   1      0.0    85.0 502200.0 6701000.0
S            1005     145   1      0.0    85.0 502250.0 6701000.0
S            1006     101   1      0.0    85.0 500062.5 6701250.0
S            1006     102   1      0.0    85.0 500112.5 6701250.0
S            1006     103   1      0.0    85.0 500162.5 6701250.0
S            1006     104   1      0.0    85.0 500212.5 6701250.0
S            1006     105   1      0.0    85.0 500262.5 6701250.0
S            1006     106   1      0.0    85.0 500312.5 6701250.0
S            1006     107   1      0.0    85.0 500362.5 6701250.0
S            1006     108   1      0.0    85.0 500412.5 6701250.0
S            1006     109   1      0.0    85.0 500462.5 6701250.0
S            1006     110   1      0.0    85.0 500512.5 6701250.0
S            1006     111   1      0.0    85.0 500562.5 6701250.0
S            1006     112   1      0.0    85.0 500612.5 6701250.0
S            1006     113   1      0.0    85.0 500662.5 6701250.0
S            1006     114   1      0.0    85.0 500712.5 6701250.0
S            1006     115   1      0.0    85.0 500762.5 6701250.0
S            1006     116   1      0.0    85.0 500812.5 6701250.0
S            1006     117   1      0.0    85.0 500862.5 6701250.0
S            1006     118   1      0.0    85.0 500912.5 6701250.0
S            1006     119   1      0.0    85.0 500962.5 6701250.0
S            1006     120   1      0.0    85.0 501012.5 6701250.0
S            1006     121   1      0.0    85.0 501062.5 6701250.0
S            1006     122   1      0.0    85.0 501112.5 6701250.0
S            1006     123   1      0.0    85.0 501162.5 6701250.0
S            1006     124   1      0.0    85.0 501212.5 6701250.0
S            1006     125   1      0.0    85.0 501262.5 6701250.0
S            1006     126   1      0.0    85.0 501312.5 6701250.0
S            1006     127   1      0.0    85.0 501362.5 6701250.0
S            1006     128   1      0.0    85.0 501412.5 6701250.0
S            1006     129   1      0.0    85.0 501462.5 6701250.0
S            1006     130   1      0.0    85.0 501512.5 6701250.0
S            1006     131   1      0.0    85.0 501562.5 6701250.0
S            1006     132   1      0.0    85.0 501612.5 6701250.0
S            1006     133   1      0.0    85.0 501662.5 6701250.0
S            1006     134   1      0.0    85.0 501712.5 6701250.0
S            1006     135   1      0.0    85.0 501762.5 6701250.0
S            1006     136   1      0.0    85.0 501812.5 6701250.0
S            1006     137   1      0.0    85.0 501862.5 6701250.0
S            1006     138   1      0.0    85.0 501912.5 6701250.0
S            1006     139   1      0.0    85.0 501962.5 6701250.0
S            1006     140   1      0.0    85.0 502012.5 6701250.0
S            1006     141   1      0.0    85.0 502062.5 6701250.0
S            1006     142   1      0.0    85.0 502112.5 6701250.0
S            1006     143   1      0.0    85.0 502162.5 6701250.0
S            1006     144   1      0.0    85.0 502212.5 6701250.0
S            1006     145   1      0.0    85.0 502262.5 6701250.0
